1.786
0.486
69
1.800
0.200
69
1.800
0.08
69
1.730
0.106
69
1.640
0.120
69
0.42
0.080
138
0.420
0.106
138
0.5
0.2
69
1.756
0.486
1
1.770
0.2
1
1.770
0.080
1
1.700
0.106
1
1.610
0.120
1
0.420
0.080
2
0.420
0.106
2
0.500
0.200
1
1.766
0.486
4
1.780
0.200
4
1.780
0.080
4
1.710
0.106
4
1.62
0.120
4
0.42
0.080
8
0.420
0.106
8
0.500
0.200
4
1.771
0.486
1
1.785
0.200
1
1.785
0.080
1
1.715
0.106
1
1.625
0.120
1
0.420
0.080
2
0.42
0.106
2
0.500
0.200
1
1.776
0.486
1
1.79
0.200
11
1.790
0.080
11
1.72
0.106
11
1.630
0.120
11
0.420
0.080
22
0.420
0.106
22