0.500
0.200
11
1.781
0.486
10
1.795
0.200
10
1.795
0.080
10
1.725
0.106
10
1.635
0.120
10
0.420
0.08
20
0.420
0.106
20
0.500
0.200
10
1.791
0.486
1
1.805
0.200
1
1.805
0.106
1
1.735
0.106
1
1.645
0.120
1
0.420
0.08
2
0.420
0.106
2
0.500
0.200
1
1.796
0.486
3
1.810
0.200
3
1.810
0.080
3
1.740
0.106
3
1.650
0.12
3
0.420
0.080
6
0.420
0.106
6
0.500
0.200
3
1.801
0.486
4
1.815
0.200
4
1.815
0.080
4
1.745
0.106
4
1.655
0.120
4
0.420
0.08
8
0.420
0.106
8
0.500
0.200
4
1.806
0.486
4
1.820
0.200
4
1.820
0.080
4
1.750
0.106
4
1.660
0.120
4
0.420
0.08
8
0.420
0.106
8
0.500
0.200
4